1
3
6
9
2
6
16
18
6
22
27
28
15
6
3
6
5
21
46
42
48
13
18
58
60
18
33
66
35
8
6
13
81
41
84
44
6
15
96
18
4
34
53
108
3
112
18
48
22
15
42
21
130
18
8
46
138
6
42
148
75
144
78
39
66
81
166
78
18
43
174
178
180
60
16
54
95
192
98
99
33
84
198
18
30
105
30
24
48
222
113
228
6
232
39
7
30
243
18
123
50
22
256
6
252
262
132
268
5
6
69
45
28
141
30
272
96
146
54
66
42
12
153
102
155
312
79
28
159
144
108
138
110
9
336
336
30
294
173
116
54
32
48
179
342
66
366
45
78
186
84
378
42
382
63
388
176
390
99
18
200
30
6
204
24
174
138
418
140
414
60
6
215
432
198
219
126
221
444
32
10
75
152
432
460
154
233
66
78
42
117
239
6
66
486
81
490
112
210
498
498
502
78
508
24
54
46
129
52
261
240
506
522
30
534
42
540
180
91
180
252
78
278
42
48
281
162
284
570
285
576
192
246
26
293
90
294
592
99
299
300
99
202
84
138
51
88
618
594
132
18
48
315
30
42
315
32
107
646
58
30
326
72
658
220
48
308
222
60
224
338
96
339
341
228
78
230
18
80
696
700
18
12
708
117
330
21
359
102
30
726
729
336
61
66
246
18
742
369
318
125
150
27
66
380
108
174
192
768
193
6
90
70
756
393
786
336
60
199
368
396
8
804
202
810
15
126
18
820
822
413
276
69
336
135
419
812
84
66
141
66
213
856
26
30
862
816
26
66
288
438
438
440
441
886
42
162
414
66
420
208
42
151
36
455
82
390
459
153
210
306
464
126
465
936
312
940
110
473
24
237
952
84
24
465
477
322
144
970
138
976
44
108
982
138
462
495
330
166
27
6
464
234
252
336
253
1008
1018
1020
30
78
294
103
1032
240
519
519
444
348
524
1050
162
150
96
212
1062
96
1068
144
84
537
246
506
342
1086
198
1090
273
1096
78
366
1102
135
1108
4
78
558
186
522
561
462
564
84
34
378
528
162
126
15
1146
575
1152
132
180
189
581
1164
498
1170
528
106
1170
1180
78
593
140
99
1192
18
108
200
600
560
30
258
202
1216
286
6
1222
204
1228
41
72
206
174
16
112
84
208
414
534
1254
1258
96
420
180
1242
15
198
638
639
60
641
18
92
1290
645
1296
432
1300
1302
653
48
198
12
219
659
55
378
1326
663
242
105
570
102
1332
208
96
630
192
30
638
225
680
644
1366
111
456
686
1296
294
1380
1380
72
462
318
198
42
699
699
660
66
32
656
234
108
42
84
158
713
1428
351
1432
717
719
130
6
1446
198
290
726
690
162
486
18
81
336
735
1470
30
336
740
247
1486
248
210
373
498
214
234
1494
8
1506
755
176
15
210
234
761
1524
46
1530
24
364
162
66
1542
48
1548
138
1552
387
779
222
156
1566
261
1570
66
738
1578
240
1582
1518
678
21
1566
133
30
200
228
1606
201
1602
403
42
1618
1620
540
271
180
696
770
409
148
273
195
540
96
42
252
552
78
150
1662
833
556
834
42
42
88
205
144
30
843
396
423
1696
566
486
390
852
1708
812
570
16
855
430
287
78
18
576
866
576
138
1740
246
291
78
272
584
150
879
879
105
90
420
66
882
1776
1776
24
1782
893
1788
99
162
897
768
900
300
138
297
1810
42
286
848
606
1822
252
870
305
138
166
51
786
288
1846
903
264
432
618
78
1860
1782
933
132
935
1872
938
313
18
804
48
118
60
315
30
90
380
86
953
902
42
1912
945
36
112
96
230
321
386
21
444
138
1938
924
174
1948
195
90
306
978
39
150
84
178
216
986
1974
1978
282
660
331
144
180
664
998
999
924
1001
666
210
670
60
2016
672
966
816
1013
2028
1014
954
96
1019
78
1017
44
1023
438
342
176
140
684
2062
78
2068
108
690
165
54
1040
1041
298
1044
240
66
2088
2098
190
2100
42
18
1055
2112
56
162
12
192
708
532
710
351
2136
330
2140
2142
1008
306
63
2152
1077
336
30
102
98
90
498
65
930
2178
726
174
2187
198
312
336
1014
183
105
1101
2206
2162
66
553
246
474
2220
18
1040
2226
1056
84
1118
1119
1107
1121
318
258
2250
375
60
450
144
120
1133
2268
27
2272
198
273
228
1140
762
108
364
1146
2296
198
174
966
192
2308
231
2304
330
579
30
44
534
16
18
583
90
2338
2340
210
1173
2268
1175
180
1178
336
393
368
2358
374
2370
336
264
60
476
2382
30
2388
597
184
1104
1199
2058
1188
1148
24
2410
126
2416
290
2412
2422
606
1038
48
810
1218
45
305
348
2446
195
126
222
54
2458
1166
2460
137
822
96
2472
619
33
1239
570
276
1170
598
207
226
336
60
278
1188
192
405
1074
1257
228
630
2436
342
252
46
592
1218
2538
66
2542
423
2548
425
66
639
213
294
232
1200
366
2568
615
78
2578
308
90
198
2586
259
2592
546
1232
2448
72
78
1304
186
66
2616
864
2620
420
105
14
438
2632
1314
84
414
1320
882
441
30
378
2656
886
2658
2662
42
624
1335
486
223
414
1146
447
2686
42
198
1346
420
2698
24
624
1353
126
1355
2712
18
1359
453
1164
108
682
2730
1365
528
246
2740
30
165
916
390
2752
459
660
50
153
2766
210
1296
1334
2776
198
918
22
1392
2788
31
126
699
1395
1400
1401
600
689
936
672
936
2818
30
2820
256
330
1332
2832
709
1328
1419
1421
24
6
2850
711
408
2856
2860
204
1380
450
252
624
24
1439
231
465
2886
1431
1218
262
2896
222
966
2902
144
2908
35
2910
1458
138
462
39
2926
28
2928
1254
132
2938
688
108
420
2946
678
984
1478
268
414
1481
462
371
2970
495
228
990
10
234
476
420
498
40
81
1499
1500
6
480
1392
3010
1430
1290
3018
234
3022
252
696
432
1008
253
759
380
1424
138
508
3024
105
3054
198
204
1020
1533
90
123
438
720
1539
78
1541
882
1544
28
309
162
1032
1326
1484
42
148
240
282
519
1559
156
1557
754
444
60
30
3136
168
1044
96
1572
1518
88
1050
30
486
756
1581
3166
72
150
1494
288
272
636
636
177
1062
29
510
506
456
96
1601
1068
1604
234
432
1072
84
3220
146
1380
1076
1611
780
246
65
462
1518
1520
342
3250
542
3256
3258
1086
150
594
1398
1635
3270
112
273
192
462
774
66
3288
132
78
3298
3300
1098
1653
3306
42
3312
795
553
405
1661
3324
832
3330
12
1610
234
768
3342
1673
784
558
1434
558
1679
1680
522
6
561
3370
843
306
540
462
1584
564
3388
1695
252
273
102
1602
205
3406
486
378
1706
528
786
310
162
1628
378
184
3432
1470
180
15
312
3438
431
336
1725
384
1152
3460
3462
1733
3468
132
1650
180
210
3422
567
158
1743
698
498
804
318
3492
1680
498
308
1755
1170
879
1584
1506
30
3526
1764
318
1766
3510
3538
20
3540
1773
78
429
144
254
1779
1779
1524
420
861
3570
99
168
3576
3580
1194
240
96
54
3592
108
1740
138
600
3606
1800
858
602
3616
138
1680
3622
90
1710
1815
258
909
606
110
1821
156
220
3648
84
858
3658
522
18
576
3666
367
3672
1838
282
612
84
3684
240
1230
123
1232
216
3700
1518
336
3708
618
598
522
1859
3660
48
3726
336
30
933
12
1246
84
882
624
1782
330
1242
816
534
1880
455
3766
1884
3762
294
3774
3778
198
96
540
1260
1776
1264
949
1820
180
1901
3726
438
102
15
346
198
3820
1274
924
546
1914
3832
639
116
1826
180
3846
1923
770
963
252
1808
54
3862
276
104
546
1290
969
1935
1940
32
858
1944
1296
912
432
834
1886
3900
1953
1302
1955
42
1958
653
1959
1961
48
491
1310
198
210
12
1686
3942
1973
358
657
1914
1977
159
464
165
3966
1134
342
56
480
946
1326
852
1989
3988
306
726
570
105
500
87
4006
90
570
34
102
4018
268
3996
2013
624
644
108
366
576
288
930
630
2024
4050
192
4056
90
390
112
1722
312
1914
4072
675
2039
78
2040
660
1932
4090
22
240
4098
4098
186
111
1758
2055
1368
1958
2058
474
90
4126
2064
3888
1033
294
4138
20
1380
84
4140
1776
4152
2078
693
72
1980
1386
378
672
318
4176
198
336
1012
13
2030
42
1794
699
144
75
2097
300
660
4210
382
4216
4218
198
170
96
4228
2115
1968
666
702
1060
2121
120
606
108
1063
126
4258
4260
84
400
474
2135
1424
138
388
2139
2141
1428
2144
102
1053
1432
4296
176
330
232
690
2151
2034
2157
264
1036
390
4326
18
420
618
4336
4338
1446
84
594
4348
684
870
242
726
924
2181
198
256
690
1093
162
2100
336
486
265
18
2195
2090
314
533
81
48
336
551
200
735
630
4410
4420
4422
2088
714
30
30
1008
2112
2220
2220
4446
741
4450
120
4456
294
4458
4462
744
540
2096
630
66
1119
2240
249
96
2211
1494
1123
642
204
642
234
751
4482
1038
1504
2258
753
24
2261
4518
1938
1078
2265
348
528
126
174
2273
1516
15
1092
210
2208
2280
702
4566
2283
978
1072
198
90
4572
4582
138
96
2295
1530
2298
72
1113
2301
80
418
1092
1974
486
2220
924
66
660
1542
140
560
61
2319
48
2321
1548
7
4650
414
1552
4656
754
222
1074
924
1161
4672
2337
2339
75
222
756
468
4690
342
60
42
1566
4702
261
1104
672
4710
572
66
2360
2361
2268
1182
738
1183
1578
1014
430
720
92
4746
2375
672
1155
2379
4554
432
678
450
366
21
112
4698
2046
4782
2393
228
399
4792
90
2399
800
600
198
228
2256
802
4816
780
