100
999900
999901
999902
999903
999904
999905
999906
999907
999908
999909
999910
999911
999912
999913
999914
999915
999916
999917
999918
999919
999920
999921
999922
999923
999924
999925
999926
999927
999928
999929
999930
999931
999932
999933
999934
999935
999936
999937
999938
999939
999940
999941
999942
999943
999944
999945
999946
999947
999948
999949
999950
999951
999952
999953
999954
999955
999956
999957
999958
999959
999960
999961
999962
999963
999964
999965
999966
999967
999968
999969
999970
999971
999972
999973
999974
999975
999976
999977
999978
999979
999980
999981
999982
999983
999984
999985
999986
999987
999988
999989
999990
999991
999992
999993
999994
999995
999996
999997
999998
999999
