6205 2530
2385 2689
1715 2419
4367 4771
8418 5137
7956 891
1421 4976
1800 7812
282 3175
3855 4901
162 8924
6219 5320
6207 4416
4114 8985
6881 8478
6580 9518
1051 4651
5994 9517
2159 3423
8697 8316
69 7067
2711 261
9142 6900
358 1405
7185 5063
6695 4813
1302 6109
5316 6747
6180 1216
4115 6051
7927 5161
5202 4522
4566 7139
3817 9844
5446 9205
2820 9670
7373 114
4577 5221
6154 2007
6668 3238
3910 1291
2909 2477
1251 1461
7303 9746
6279 5331
2828 4018
9172 5683
4641 6800
7956 9617
3078 8518
727 878
4196 1616
5715 8170
1150 604
9387 4171
898 3609
2361 3795
8075 8274
4549 9363
5227 2239
245 3396
1888 8865
6368 4449
758 6647
472 1288
7524 5618
897 6841
8349 1060
6024 7001
8707 3465
9983 4134
9149 4489
8944 6002
6953 3285
6750 5417
512 8232
2133 256
8481 6927
7201 6339
1613 1564
2914 8235
1303 3303
5451 2013
95 4914
6060 5480
1999 8801
7849 135
5621 3395
8029 7505
2077 2712
7725 7776
8696 6776
4028 3257
9631 1293
6317 833
8537 9979
3288 2311
9061 7546
1950 1277
9907 5036
3771 3908
6167 7433
7096 4967
9415 2224
8448 6200
3886 9110
9521 2651
322 1884
1072 7979
751 1750
7240 3369
9363 4434
2638 2049
7393 1245
5102 7254
4921 6456
2677 5574
4307 9116
2180 1810
520 9387
8797 5952
8632 8567
1415 4362
855 2582
7024 3691
1291 6764
1516 5501
8403 4777
8502 7982
538 8164
5354 2023
9391 7108
9864 5768
1224 1797
3767 8564
7324 7442
4937 6982
8758 3788
3163 2384
7828 2794
552 2448
7791 9940
2183 8552
1535 7313
6780 7136
4311 7907
2416 4693
3724 4453
1300 4647
4107 3077
6344 2646
2667 2878
7159 8520
9536 2394
7465 7756
2199 7368
1888 1719
8160 6828
7222 2713
2686 7083
4558 5180
4769 140
8992 835
3521 6631
8672 9668
7749 6723
2204 6555
3178 1326
2546 9812
4673 3274
3995 151
936 5513
6462 4012
6492 8451
7346 3385
8511 8532
215 4453
4982 5647
757 3228
8992 1645
2921 7327
131 9641
6928 1870
7670 1232
2303 1505
2377 2915
9498 6130
9969 9047
2585 9510
7122 1179
6446 2939
6494 9961
2457 8353
7567 9286
9620 7132
6104 3940
7142 9476
1579 9113
5445 5440
5399 8883
1487 9946
6905 509
2868 4860
4219 1872
6142 4049
1579 3885
9802 7413
8303 1970
524 8829
4068 4756
8021 4954
1561 1101
572 6218
9937 5946
6530 3675
3386 5792
5271 2611
7958 1651
7501 926
3225 1592
389 2625
7600 1528
1353 5999
5063 6107
7589 1300
1409 2994
8624 1447
5625 5362
4336 5782
1278 9334
3468 6299
6962 3625
3803 3490
9833 8831
8283 1768
7006 4553
5954 4044
2899 5862
916 9558
4040 7419
9110 7538
2680 5806
3160 9117
350 2144
5421 8110
3204 6621
9693 9117
4554 5654
3190 1636
2792 3579
6653 7316
8476 4160
3205 927
4029 4131
9891 9983
60 4522
8695 5157
3247 6595
1251 3981
1269 8525
6792 3116
1193 3162
6938 7513
853 5788
5535 8671
7508 8839
3717 2744
4677 6748
6397 5136
2715 1810
5572 6688
7117 4063
7994 3608
9978 8581
4333 3924
5724 6981
487 5843
9419 2785
7225 8442
852 3483
9690 8121
8458 6124
436 4855
5766 3545
2580 4917
61 5791
456 9283
3403 7973
2339 5243
2448 2240
4302 4758
3812 7479
2161 2808
1741 9207
2349 6931
7981 6494
6284 6647
1437 9445
4135 916
3200 7172
728 5909
486 1700
5218 843
8281 4174
9688 6321
6272 9409
3033 3687
3439 827
8405 9805
3527 4619
2836 6131
5789 1262
229 9615
3441 1194
9155 8015
8333 3851
6049 8497
1663 9497
1107 8303
6171 710
264 4073
7311 1607
9652 3773
7925 3918
1671 2634
5349 10
523 3728
6161 8027
5922 4599
2596 4619
8973 5337
4426 1751
8487 6040
6909 7719
9293 2280
3925 6047
5461 5042
2082 9123
4196 4052
6707 932
5164 8504
8441 3823
1940 7315
3542 8157
6973 1546
138 376
669 8789
6267 9160
2031 8525
5037 8734
3362 3400
3772 821
5666 9769
9012 3153
8988 2257
9483 8292
3067 5753
8088 5264
1772 6970
5719 1394
3199 3560
1376 7872
1405 1590
1424 1430
3638 329
7729 5963
2498 4880
1948 5369
2190 3625
9759 6126
678 3228
3232 2526
9297 3619
5812 4383
7078 245
13 8808
1340 9859
4733 9239
9367 4102
2781 5180
5755 2559
2397 9985
2590 5973
7200 8541
7012 4550
444 3128
8906 1011
1055 6240
4552 1950
5008 4311
3667 2566
4442 6422
9550 928
7334 2188
468 1307
9774 5701
3521 1201
6508 4257
8423 2607
2294 8051
8302 4238
3021 2746
4221 5958
1529 2539
8222 8918
8188 1817
9691 4340
6631 2707
1506 7411
4887 2804
6354 3773
289 3404
1514 8127
5343 9140
5374 4557
5958 7299
2345 6640
3451 9566
5531 4831
5960 7278
1450 6948
8459 3045
8491 1496
8265 3863
3978 1465
7730 4638
4633 6560
5075 2917
3655 4110
7222 5207
669 4483
3506 4299
2954 9793
2109 510
3666 640
7460 9342
9568 6145
878 6618
2994 3118
1502 9271
6744 9470
9036 5829
4533 6030
6848 7251
526 2646
2573 6876
9849 9435
1663 121
2730 3749
6100 7580
7835 1056
9777 4444
3008 3823
2368 3040
8552 6111
5122 3428
5447 4785
3512 9319
768 2635
6170 1064
1147 6063
125 8024
7797 2568
4990 3135
1327 9472
839 2436
1635 5608
5731 3216
5378 4596
2270 7582
2023 8698
5048 1939
1818 8867
9276 2655
5018 8549
1032 4637
699 1285
9987 4485
8793 9662
5372 1225
3365 9514
4167 4410
8844 8028
7857 260
8750 5853
1243 1014
4778 8762
4466 4468
6584 6371
7780 1311
6105 1591
7025 2624
6725 6419
3987 581
6353 9842
4606 8957
8937 9698
8582 10000
3441 8888
616 8621
766 1799
1827 9910
704 6890
8810 3248
7677 9957
6584 9072
8915 1567
8130 2834
7478 5186
4911 9509
1396 5004
5741 5330
3308 2251
9723 3501
9348 7022
4472 1549
625 5113
909 9119
6106 844
8015 5149
2109 5731
4647 1254
5261 8595
6532 2202
571 6474
677 8676
3073 8786
7307 2908
960 721
3824 6250
7430 1905
5943 2220
6506 7063
3255 3403
4642 9017
1490 7145
4443 6152
2965 5736
3132 1080
8723 7468
1253 2890
1242 7274
2121 5066
3898 6214
4418 611
1199 667
2824 1499
9237 716
2041 1960
6405 7739
1241 4254
8111 4490
550 6342
5381 252
6790 9930
519 3035
3885 4363
9556 2022
9781 8924
9347 9136
1303 6621
1772 4049
502 9276
9292 7550
8934 5023
8974 7514
2823 4517
4707 4300
5075 6036
5219 740
3991 9002
2208 4249
6388 9847
5367 6102
9549 6960
9089 7606
9552 1805
4035 6140
6301 3447
5713 5581
5627 1119
8552 4918
2803 7417
8716 9982
7731 6236
2401 3632
5390 7166
999 93
749 4196
3247 4653
3628 2586
5569 7548
5726 944
9542 6858
3191 4812
5357 7335
8960 3105
8277 2029
6502 122
5188 8725
8280 1815
9400 4668
435 5191
5015 6976
4786 953
9809 7901
1573 2671
5140 7030
7236 3080
7109 4114
8858 9331
4101 5375
1551 6034
6424 1989
1360 4148
3341 4131
8792 1647
3811 2951
4446 7959
1696 3490
4704 8252
5773 8114
3881 7147
2225 3797
5605 7512
1675 6921
2674 3535
418 1762
2171 6181
8329 9747
3699 1374
9277 6549
4814 7093
1338 833
7258 7994
9330 5069
3923 4107
2124 6431
8745 4841
8700 7806
3475 3871
3619 7536
4302 2938
9807 793
435 7575
1565 4443
2267 3664
2603 3960
4041 1600
1027 229
8185 8292
9124 3862
8516 5269
2035 9907
8744 7821
959 7506
9214 7959
7208 6897
8998 1019
7553 8555
4289 571
6842 1776
7942 3079
7124 4541
5232 7567
1920 7792
7761 853
1603 6928
962 5239
1998 3072
9049 3134
7970 8659
7059 2957
2500 4365
5723 2168
1169 3692
7371 6557
9241 7253
4951 7296
6411 2319
7799 8555
1094 9933
6634 8973
4391 8203
5740 7842
3559 2143
9630 1463
8951 696
68 9295
6494 2957
7469 9464
5745 2235
7353 4012
1367 4108
8422 8190
2456 3338
3995 9232
3478 768
3280 8913
1483 9696
4068 3151
9677 8092
5349 6075
5383 6298
4038 3424
6697 4898
2160 180
8142 1006
1620 177
1546 5691
6409 4525
9226 1539
8427 2070
6646 8353
865 4935
9586 4355
2837 8098
2307 5677
8835 2171
9348 7555
1523 3081
9779 5417
3204 5615
5749 3606
8167 5697
282 6853
5678 2371
8764 1017
1626 6596
3955 778
6838 840
3445 4329
5021 4551
2643 5402
4991 299
8906 9608
1258 751
5789 82
7389 619
4612 5598
8094 9621
9354 1220
5200 2062
7394 9285
1160 5259
4433 2969
4311 9705
6060 6526
8698 3254
9342 8489
3863 2885
2132 9473
457 3160
5209 10
4870 7092
5009 2459
7574 911
1358 4993
9722 9764
3276 9894
3992 7462
8626 785
2190 5180
1233 1676
9098 1384
6453 8141
6272 2814
8295 6534
7578 6558
8309 2749
2570 7542
5587 4025
2141 3577
120 5191
995 5535
6211 5262
9491 3338
646 4870
7287 9877
219 2854
5084 4021
9314 3503
8645 1017
7093 46
4996 1477
4757 7205
1384 3237
6831 1568
3924 8997
2797 431
3582 9201
8407 5584
4642 5507
9770 7582
6018 129
9898 3387
9372 5438
2108 2853
5818 4579
1708 2506
1432 9840
4685 4397
4784 8389
3219 5103
7280 7333
3439 7904
1730 3084
5462 956
2303 1093
8899 3622
483 8896
2636 9623
44 6684
3935 8361
7887 711
5884 4175
7823 2574
2687 327
5458 3094
3870 2679
101 9661
4498 1235
9017 4588
5609 552
5131 9806
616 4115
7713 6248
7131 3344
9898 5551
9877 9957
1880 1044
2812 5030
3212 9919
1569 1663
971 3226
2809 9950
2036 4118
6817 5054
6838 4146
7913 3042
7219 6162
616 1967
9007 8203
7858 6351
1223 628
1830 4693
8302 4000
2663 5955
971 9925
7244 7657
6875 2538
4867 7475
6378 8637
9139 9703
388 7679
478 460
201 6119
7316 375
6005 6625
6328 4451
7390 3042
8834 3419
4918 5520
2886 5032
8006 508
2734 5268
1690 4792
5568 3832
8317 3864
8397 3952
3425 5354
5263 438
5586 7252
1336 153
1048 17
5036 1431
4585 7469
618 971
1015 9048
5829 1873
755 7920
9440 3643
6662 4025
5468 4707
2382 9862
9776 4342
1347 41
3618 1014
6465 8090
878 5505
3532 6374
1926 6665
7379 8905
6560 2241
1595 4814
1297 9145
4119 8485
6225 4566
2325 2897
2550 7146
2968 8872
1741 9874
9062 1954
6256 5589
4880 9430
38 8732
9693 8909
2523 1069
6822 1288
3989 1170
2983 8517
5319 3757
8498 9438
5986 3366
6329 9752
4542 9425
5163 8538
8317 4147
6598 4979
3260 2549
7396 3510
1348 9224
7442 6586
1399 1172
9884 2731
1301 2037
8799 2658
9493 7376
7112 9331
146 4435
3212 5707
7949 1472
503 1746
3484 1442
6205 61
9168 9412
7771 3303
260 7444
5174 9637
205 847
9886 282
7156 4382
4179 3705
1164 4311
8485 7031
6116 7002
8977 8607
7588 6827
8128 3382
3959 3972
4827 895
9915 5635
6863 2370
6266 4045
7569 5253
5138 4890
703 5875
223 316
3264 247
5233 4828
8352 5724
4259 8655
1838 3648
4794 2605
1549 4087
490 8530
5077 2920
8941 1293
4870 8008
762 1158
5057 9074
610 6882
1492 7304
1479 2521
4085 2540
4746 4537
235 7268
2426 6353
2938 5085
7603 1834
8621 9877
7292 9862
4482 3842
7929 7425
5584 8173
8415 4666
7269 4823
6249 3640
186 481
196 1561
6891 5215
3664 7653
3573 1376
8147 6792
1084 6129
1925 8478
3908 7630
5235 8840
4529 6785
9205 2717
